key1=1.500000
key2=2.500000
key3=3.500000
